0 0 0
0 1 0
0 2 1.53645e-30
0 3 2.97714e-28
0 4 2.78247e-26
0 5 1.67084e-24
0 6 7.24484e-23
0 7 2.41706e-21
0 8 6.45609e-20
0 9 1.41846e-18
0 10 2.61385e-17
0 11 4.09893e-16
0 12 5.53149e-15
0 13 6.48049e-14
0 14 6.63758e-13
0 15 5.97737e-12
0 16 4.75473e-11
0 17 3.35378e-10
0 18 2.10454e-09
0 19 1.17824e-08
0 20 5.90027e-08
0 21 2.64931e-07
0 22 1.06924e-06
0 23 3.88889e-06
0 24 1.27828e-05
0 25 3.80983e-05
0 26 0.00010335
0 27 0.000256293
0 28 0.000583858
0 29 0.00122843
0 30 0.00240062
0 31 0.00438261
0 32 0.00751709
0 33 0.01218
0 34 0.0187396
0 35 0.0275071
0 36 0.038689
0 37 0.0523472
0 38 0.0683754
0 39 0.0864934
0 40 0.10626
0 41 0.127102
0 42 0.14835
0 43 0.169286
0 44 0.189182
0 45 0.20734
0 46 0.223127
0 47 0.235998
0 48 0.245513
0 49 0.251351
0 50 0.253319
0 51 0.251351
0 52 0.245513
0 53 0.235998
0 54 0.223127
0 55 0.20734
0 56 0.189182
0 57 0.169286
0 58 0.14835
0 59 0.127102
0 60 0.10626
0 61 0.0864934
0 62 0.0683754
0 63 0.0523472
0 64 0.038689
0 65 0.0275071
0 66 0.0187396
0 67 0.01218
0 68 0.00751709
0 69 0.00438261
0 70 0.00240062
0 71 0.00122843
0 72 0.000583858
0 73 0.000256293
0 74 0.00010335
0 75 3.80983e-05
0 76 1.27828e-05
0 77 3.88889e-06
0 78 1.06924e-06
0 79 2.64931e-07
0 80 5.90027e-08
0 81 1.17824e-08
0 82 2.10454e-09
0 83 3.35378e-10
0 84 4.75473e-11
0 85 5.97737e-12
0 86 6.63758e-13
0 87 6.48049e-14
0 88 5.53149e-15
0 89 4.09893e-16
0 90 2.61385e-17
0 91 1.41846e-18
0 92 6.45609e-20
0 93 2.41706e-21
0 94 7.24484e-23
0 95 1.67084e-24
0 96 2.78247e-26
0 97 2.97714e-28
0 98 1.53645e-30
0 99 0

1 0 0
1 1 7.83902e-31
1 2 1.55059e-28
1 3 1.4801e-26
1 4 9.08177e-25
1 5 4.02587e-23
1 6 1.37386e-21
1 7 3.75558e-20
1 8 8.44924e-19
1 9 1.59519e-17
1 10 2.56437e-16
1 11 3.54959e-15
1 12 4.26791e-14
1 13 4.48878e-13
1 14 4.15311e-12
1 15 3.39588e-11
1 16 2.46333e-10
1 17 1.59029e-09
1 18 9.16233e-09
1 19 4.72252e-08
1 20 2.18256e-07
1 21 9.06468e-07
1 22 3.39117e-06
1 23 1.14573e-05
1 24 3.50621e-05
1 25 9.75264e-05
1 26 0.000247567
1 27 0.000576193
1 28 0.00123595
1 29 0.00245708
1 30 0.00455356
1 31 0.00791279
1 32 0.0129663
1 33 0.0201437
1 34 0.0298175
1 35 0.0422474
1 36 0.057535
1 37 0.0755962
1 38 0.0961546
1 39 0.118756
1 40 0.142798
1 41 0.167577
1 42 0.192327
1 43 0.216277
1 44 0.238678
1 45 0.258849
1 46 0.276188
1 47 0.290197
1 48 0.300483
1 49 0.306767
1 50 0.30888
1 51 0.306767
1 52 0.300483
1 53 0.290197
1 54 0.276188
1 55 0.258849
1 56 0.238678
1 57 0.216277
1 58 0.192327
1 59 0.167577
1 60 0.142798
1 61 0.118756
1 62 0.0961546
1 63 0.0755962
1 64 0.057535
1 65 0.0422474
1 66 0.0298175
1 67 0.0201437
1 68 0.0129663
1 69 0.00791279
1 70 0.00455356
1 71 0.00245708
1 72 0.00123595
1 73 0.000576193
1 74 0.000247567
1 75 9.75264e-05
1 76 3.50621e-05
1 77 1.14573e-05
1 78 3.39117e-06
1 79 9.06468e-07
1 80 2.18256e-07
1 81 4.72252e-08
1 82 9.16233e-09
1 83 1.59029e-09
1 84 2.46333e-10
1 85 3.39588e-11
1 86 4.15311e-12
1 87 4.48878e-13
1 88 4.26791e-14
1 89 3.54959e-15
1 90 2.56437e-16
1 91 1.59519e-17
1 92 8.44924e-19
1 93 3.75558e-20
1 94 1.37386e-21
1 95 4.02587e-23
1 96 9.08177e-25
1 97 1.4801e-26
1 98 1.55059e-28
1 99 7.83902e-31

2 0 1.53645e-30
2 1 1.55059e-28
2 2 1.51086e-26
2 3 9.46667e-25
2 4 4.28691e-23
2 5 1.49502e-21
2 6 4.17801e-20
2 7 9.61303e-19
2 8 1.85681e-17
2 9 3.05494e-16
2 10 4.32926e-15
2 11 5.33091e-14
2 12 5.74363e-13
2 13 5.44504e-12
2 14 4.56267e-11
2 15 3.39202e-10
2 16 2.24419e-09
2 17 1.32481e-08
2 18 6.99398e-08
2 19 3.30867e-07
2 20 1.40538e-06
2 21 5.37055e-06
2 22 1.85049e-05
2 23 5.76381e-05
2 24 0.000162783
2 25 0.000418383
2 26 0.000982829
2 27 0.00212075
2 28 0.00422683
2 29 0.00782763
2 30 0.0135513
2 31 0.0220636
2 32 0.0339807
2 33 0.0497736
2 34 0.0696873
2 35 0.0936883
2 36 0.12145
2 37 0.152378
2 38 0.185664
2 39 0.22036
2 40 0.255457
2 41 0.289959
2 42 0.322943
2 43 0.353599
2 44 0.381251
2 45 0.405363
2 46 0.42553
2 47 0.441461
2 48 0.45296
2 49 0.459903
2 50 0.462224
2 51 0.459903
2 52 0.45296
2 53 0.441461
2 54 0.42553
2 55 0.405363
2 56 0.381251
2 57 0.353599
2 58 0.322943
2 59 0.289959
2 60 0.255457
2 61 0.22036
2 62 0.185664
2 63 0.152378
2 64 0.12145
2 65 0.0936883
2 66 0.0696873
2 67 0.0497736
2 68 0.0339807
2 69 0.0220636
2 70 0.0135513
2 71 0.00782763
2 72 0.00422683
2 73 0.00212075
2 74 0.000982829
2 75 0.000418383
2 76 0.000162783
2 77 5.76381e-05
2 78 1.85049e-05
2 79 5.37055e-06
2 80 1.40538e-06
2 81 3.30867e-07
2 82 6.99398e-08
2 83 1.32481e-08
2 84 2.24419e-09
2 85 3.39202e-10
2 86 4.56267e-11
2 87 5.44504e-12
2 88 5.74363e-13
2 89 5.33091e-14
2 90 4.32926e-15
2 91 3.05494e-16
2 92 1.85681e-17
2 93 9.61303e-19
2 94 4.17801e-20
2 95 1.49502e-21
2 96 4.28691e-23
2 97 9.46667e-25
2 98 1.51086e-26
2 99 1.55059e-28

3 0 2.97714e-28
3 1 1.4801e-26
3 2 9.46667e-25
3 3 4.37806e-23
3 4 1.55994e-21
3 5 4.456e-20
3 6 1.04844e-18
3 7 2.0718e-17
3 8 3.4888e-16
3 9 5.06257e-15
3 10 6.38597e-14
3 11 7.0511e-13
3 12 6.85298e-12
3 13 5.88911e-11
3 14 4.49117e-10
3 15 3.04868e-09
3 16 1.84668e-08
3 17 1.00026e-07
3 18 4.85382e-07
3 19 2.11373e-06
3 20 8.27481e-06
3 21 2.91754e-05
3 22 9.28455e-05
3 23 0.000267375
3 24 0.000699011
3 25 0.00166549
3 26 0.00363335
3 27 0.00729614
3 28 0.0135659
3 29 0.0234992
3 30 0.0381608
3 31 0.0584497
3 32 0.0849279
3 33 0.117694
3 34 0.156328
3 35 0.199921
3 36 0.247173
3 37 0.29654
3 38 0.346398
3 39 0.395197
3 40 0.44158
3 41 0.484465
3 42 0.523073
3 43 0.556929
3 44 0.585823
3 45 0.609753
3 46 0.628862
3 47 0.643371
3 48 0.653519
3 49 0.659514
3 50 0.661496
3 51 0.659514
3 52 0.653519
3 53 0.643371
3 54 0.628862
3 55 0.609753
3 56 0.585823
3 57 0.556929
3 58 0.523073
3 59 0.484465
3 60 0.44158
3 61 0.395197
3 62 0.346398
3 63 0.29654
3 64 0.247173
3 65 0.199921
3 66 0.156328
3 67 0.117694
3 68 0.0849279
3 69 0.0584497
3 70 0.0381608
3 71 0.0234992
3 72 0.0135659
3 73 0.00729614
3 74 0.00363335
3 75 0.00166549
3 76 0.000699011
3 77 0.000267375
3 78 9.28455e-05
3 79 2.91754e-05
3 80 8.27481e-06
3 81 2.11373e-06
3 82 4.85382e-07
3 83 1.00026e-07
3 84 1.84668e-08
3 85 3.04868e-09
3 86 4.49117e-10
3 87 5.88911e-11
3 88 6.85298e-12
3 89 7.0511e-13
3 90 6.38597e-14
3 91 5.06257e-15
3 92 3.4888e-16
3 93 2.0718e-17
3 94 1.04844e-18
3 95 4.456e-20
3 96 1.55994e-21
3 97 4.37806e-23
3 98 9.46667e-25
3 99 1.4801e-26

4 0 2.78247e-26
4 1 9.08177e-25
4 2 4.28691e-23
4 3 1.55994e-21
4 4 4.55268e-20
4 5 1.0949e-18
4 6 2.21248e-17
4 7 3.81149e-16
4 8 5.66064e-15
4 9 7.31106e-14
4 10 8.26885e-13
4 11 8.23507e-12
4 12 7.25413e-11
4 13 5.67239e-10
4 14 3.94896e-09
4 15 2.45343e-08
4 16 1.36301e-07
4 17 6.78246e-07
4 18 3.02755e-06
4 19 1.21405e-05
4 20 4.38012e-05
4 21 0.000142429
4 22 0.000418321
4 23 0.00111273
4 24 0.00268983
4 25 0.00593387
4 26 0.0120062
4 27 0.0224082
4 28 0.038818
4 29 0.0628154
4 30 0.0955577
4 31 0.137492
4 32 0.188182
4 33 0.246297
4 34 0.309757
4 35 0.375991
4 36 0.442262
4 37 0.505972
4 38 0.564922
4 39 0.617478
4 40 0.662641
4 41 0.700037
4 42 0.729843
4 43 0.752662
4 44 0.769392
4 45 0.78109
4 46 0.788846
4 47 0.79368
4 48 0.796465
4 49 0.797861
4 50 0.798279
4 51 0.797861
4 52 0.796465
4 53 0.79368
4 54 0.788846
4 55 0.78109
4 56 0.769392
4 57 0.752662
4 58 0.729843
4 59 0.700037
4 60 0.662641
4 61 0.617478
4 62 0.564922
4 63 0.505972
4 64 0.442262
4 65 0.375991
4 66 0.309757
4 67 0.246297
4 68 0.188182
4 69 0.137492
4 70 0.0955577
4 71 0.0628154
4 72 0.038818
4 73 0.0224082
4 74 0.0120062
4 75 0.00593387
4 76 0.00268983
4 77 0.00111273
4 78 0.000418321
4 79 0.000142429
4 80 4.38012e-05
4 81 1.21405e-05
4 82 3.02755e-06
4 83 6.78246e-07
4 84 1.36301e-07
4 85 2.45343e-08
4 86 3.94896e-09
4 87 5.67239e-10
4 88 7.25413e-11
4 89 8.23507e-12
4 90 8.26885e-13
4 91 7.31106e-14
4 92 5.66064e-15
4 93 3.81149e-16
4 94 2.21248e-17
4 95 1.0949e-18
4 96 4.55268e-20
4 97 1.55994e-21
4 98 4.28691e-23
4 99 9.08177e-25

5 0 1.67084e-24
5 1 4.02587e-23
5 2 1.49502e-21
5 3 4.456e-20
5 4 1.0949e-18
5 5 2.26145e-17
5 6 3.98378e-16
5 7 6.05261e-15
5 8 8.00049e-14
5 9 9.26437e-13
5 10 9.45012e-12
5 11 8.52913e-11
5 12 6.83542e-10
5 13 4.87822e-09
5 14 3.10737e-08
5 15 1.76997e-07
5 16 9.029e-07
5 17 4.13025e-06
5 18 1.69624e-05
5 19 6.26166e-05
5 20 0.000208051
5 21 0.000623241
5 22 0.00168692
5 23 0.00413735
5 24 0.00922868
5 25 0.0188075
5 26 0.0352086
5 27 0.0609181
5 28 0.0980492
5 29 0.147775
5 30 0.20989
5 31 0.282641
5 32 0.362874
5 33 0.44645
5 34 0.528824
5 35 0.605645
5 36 0.673267
5 37 0.72909
5 38 0.771709
5 39 0.800897
5 40 0.817442
5 41 0.822918
5 42 0.819414
5 43 0.809288
5 44 0.79494
5 45 0.778648
5 46 0.762444
5 47 0.74804
5 48 0.736785
5 49 0.729645
5 50 0.727201
5 51 0.729645
5 52 0.736785
5 53 0.74804
5 54 0.762444
5 55 0.778648
5 56 0.79494
5 57 0.809288
5 58 0.819414
5 59 0.822918
5 60 0.817442
5 61 0.800897
5 62 0.771709
5 63 0.72909
5 64 0.673267
5 65 0.605645
5 66 0.528824
5 67 0.44645
5 68 0.362874
5 69 0.282641
5 70 0.20989
5 71 0.147775
5 72 0.0980492
5 73 0.0609181
5 74 0.0352086
5 75 0.0188075
5 76 0.00922868
5 77 0.00413735
5 78 0.00168692
5 79 0.000623241
5 80 0.000208051
5 81 6.26166e-05
5 82 1.69624e-05
5 83 4.13025e-06
5 84 9.029e-07
5 85 1.76997e-07
5 86 3.10737e-08
5 87 4.87822e-09
5 88 6.83542e-10
5 89 8.52913e-11
5 90 9.45012e-12
5 91 9.26437e-13
5 92 8.00049e-14
5 93 6.05261e-15
5 94 3.98378e-16
5 95 2.26145e-17
5 96 1.0949e-18
5 97 4.456e-20
5 98 1.49502e-21
5 99 4.02587e-23

6 0 7.24484e-23
6 1 1.37386e-21
6 2 4.17801e-20
6 3 1.04844e-18
6 4 2.21248e-17
6 5 3.98378e-16
6 6 6.18917e-15
6 7 8.36903e-14
6 8 9.91786e-13
6 9 1.03574e-11
6 10 9.57374e-11
6 11 7.86033e-10
6 12 5.74838e-09
6 13 3.75282e-08
6 14 2.19097e-07
6 15 1.14545e-06
6 16 5.36855e-06
6 17 2.25775e-05
6 18 8.52739e-05
6 19 0.000289527
6 20 0.000884738
6 21 0.00243722
6 22 0.006066
6 23 0.0136823
6 24 0.0280804
6 25 0.0526978
6 26 0.0909636
6 27 0.145357
6 28 0.216479
6 29 0.302472
6 30 0.399002
6 31 0.499811
6 32 0.59768
6 33 0.68553
6 34 0.757408
6 35 0.809172
6 36 0.8388
6 37 0.846345
6 38 0.833623
6 39 0.803748
6 40 0.760613
6 41 0.708422
6 42 0.651297
6 43 0.593014
6 44 0.536833
6 45 0.485433
6 46 0.440919
6 47 0.404867
6 48 0.378394
6 49 0.362236
6 50 0.356805
6 51 0.362236
6 52 0.378394
6 53 0.404867
6 54 0.440919
6 55 0.485433
6 56 0.536833
6 57 0.593014
6 58 0.651297
6 59 0.708422
6 60 0.760613
6 61 0.803748
6 62 0.833623
6 63 0.846345
6 64 0.8388
6 65 0.809172
6 66 0.757408
6 67 0.68553
6 68 0.59768
6 69 0.499811
6 70 0.399002
6 71 0.302472
6 72 0.216479
6 73 0.145357
6 74 0.0909636
6 75 0.0526978
6 76 0.0280804
6 77 0.0136823
6 78 0.006066
6 79 0.00243722
6 80 0.000884738
6 81 0.000289527
6 82 8.52739e-05
6 83 2.25775e-05
6 84 5.36855e-06
6 85 1.14545e-06
6 86 2.19097e-07
6 87 3.75282e-08
6 88 5.74838e-09
6 89 7.86033e-10
6 90 9.57374e-11
6 91 1.03574e-11
6 92 9.91786e-13
6 93 8.36903e-14
6 94 6.18917e-15
6 95 3.98378e-16
6 96 2.21248e-17
6 97 1.04844e-18
6 98 4.17801e-20
6 99 1.37386e-21

7 0 2.41706e-21
7 1 3.75558e-20
7 2 9.61303e-19
7 3 2.0718e-17
7 4 3.81149e-16
7 5 6.05261e-15
7 6 8.36903e-14
7 7 1.01457e-12
7 8 1.08429e-11
7 9 1.02605e-10
7 10 8.62694e-10
7 11 6.46263e-09
7 12 4.32272e-08
7 13 2.5859e-07
7 14 1.38521e-06
7 15 6.65059e-06
7 16 2.86386e-05
7 17 0.000110671
7 18 0.000384018
7 19 0.00119734
7 20 0.003358
7 21 0.00848446
7 22 0.0193578
7 23 0.0400127
7 24 0.0752548
7 25 0.129482
7 26 0.205084
7 27 0.301034
7 28 0.412279
7 29 0.530203
7 30 0.644035
7 31 0.742736
7 32 0.816849
7 33 0.859854
7 34 0.868821
7 35 0.844361
7 36 0.790039
7 37 0.711478
7 38 0.615379
7 39 0.508647
7 40 0.397713
7 41 0.288089
7 42 0.184159
7 43 0.089149
7 44 0.00522791
7 45 -0.0663101
7 46 -0.124832
7 47 -0.170152
7 48 -0.202337
7 49 -0.22155
7 50 -0.227935
7 51 -0.22155
7 52 -0.202337
7 53 -0.170152
7 54 -0.124832
7 55 -0.0663101
7 56 0.00522791
7 57 0.089149
7 58 0.184159
7 59 0.288089
7 60 0.397713
7 61 0.508647
7 62 0.615379
7 63 0.711478
7 64 0.790039
7 65 0.844361
7 66 0.868821
7 67 0.859854
7 68 0.816849
7 69 0.742736
7 70 0.644035
7 71 0.530203
7 72 0.412279
7 73 0.301034
7 74 0.205084
7 75 0.129482
7 76 0.0752548
7 77 0.0400127
7 78 0.0193578
7 79 0.00848446
7 80 0.003358
7 81 0.00119734
7 82 0.000384018
7 83 0.000110671
7 84 2.86386e-05
7 85 6.65059e-06
7 86 1.38521e-06
7 87 2.5859e-07
7 88 4.32272e-08
7 89 6.46263e-09
7 90 8.62694e-10
7 91 1.02605e-10
7 92 1.08429e-11
7 93 1.01457e-12
7 94 8.36903e-14
7 95 6.05261e-15
7 96 3.81149e-16
7 97 2.0718e-17
7 98 9.61303e-19
7 99 3.75558e-20

8 0 6.45609e-20
8 1 8.44924e-19
8 2 1.85681e-17
8 3 3.4888e-16
8 4 5.66064e-15
8 5 8.00049e-14
8 6 9.91786e-13
8 7 1.08429e-11
8 8 1.05001e-10
8 9 9.03762e-10
8 10 6.93277e-09
8 11 4.74956e-08
8 12 2.91051e-07
8 13 1.59712e-06
8 14 7.85399e-06
8 15 3.46281e-05
8 16 0.000136923
8 17 0.000485648
8 18 0.00154548
8 19 0.00441473
8 20 0.0113296
8 21 0.0261611
8 22 0.0544843
8 23 0.102703
8 24 0.176049
8 25 0.276004
8 26 0.398327
8 27 0.532721
8 28 0.664401
8 29 0.77702
8 30 0.855946
8 31 0.890917
8 32 0.877462
8 33 0.816986
8 34 0.715766
8 35 0.583325
8 36 0.430646
8 37 0.268601
8 38 0.106783
8 39 -0.0471745
8 40 -0.187857
8 41 -0.311989
8 42 -0.418135
8 43 -0.506301
8 44 -0.577495
8 45 -0.633326
8 46 -0.67566
8 47 -0.706343
8 48 -0.726994
8 49 -0.738861
8 50 -0.742727
8 51 -0.738861
8 52 -0.726994
8 53 -0.706343
8 54 -0.67566
8 55 -0.633326
8 56 -0.577495
8 57 -0.506301
8 58 -0.418135
8 59 -0.311989
8 60 -0.187857
8 61 -0.0471745
8 62 0.106783
8 63 0.268601
8 64 0.430646
8 65 0.583325
8 66 0.715766
8 67 0.816986
8 68 0.877462
8 69 0.890917
8 70 0.855946
8 71 0.77702
8 72 0.664401
8 73 0.532721
8 74 0.398327
8 75 0.276004
8 76 0.176049
8 77 0.102703
8 78 0.0544843
8 79 0.0261611
8 80 0.0113296
8 81 0.00441473
8 82 0.00154548
8 83 0.000485648
8 84 0.000136923
8 85 3.46281e-05
8 86 7.85399e-06
8 87 1.59712e-06
8 88 2.91051e-07
8 89 4.74956e-08
8 90 6.93277e-09
8 91 9.03762e-10
8 92 1.05001e-10
8 93 1.08429e-11
8 94 9.91786e-13
8 95 8.00049e-14
8 96 5.66064e-15
8 97 3.4888e-16
8 98 1.85681e-17
8 99 8.44924e-19

9 0 1.41846e-18
9 1 1.59519e-17
9 2 3.05494e-16
9 3 5.06257e-15
9 4 7.31106e-14
9 5 9.26437e-13
9 6 1.03574e-11
9 7 1.02605e-10
9 8 9.03762e-10
9 9 7.0969e-09
9 10 4.97841e-08
9 11 3.12436e-07
9 12 1.75597e-06
9 13 8.84355e-06
9 14 3.99214e-05
9 15 0.000161534
9 16 0.000585781
9 17 0.00190339
9 18 0.00554094
9 19 0.0144533
9 20 0.0338029
9 21 0.0709844
9 22 0.134171
9 23 0.229113
9 24 0.355201
9 25 0.50291
9 26 0.654339
9 27 0.786907
9 28 0.878668
9 29 0.913294
9 30 0.883218
9 31 0.790296
9 32 0.644343
9 33 0.460371
9 34 0.255461
9 35 0.0460233
9 36 -0.154136
9 37 -0.334854
9 38 -0.489841
9 39 -0.616353
9 40 -0.714522
9 41 -0.786564
9 42 -0.83601
9 43 -0.867044
9 44 -0.883995
9 45 -0.890961
9 46 -0.891581
9 47 -0.888897
9 48 -0.885286
9 49 -0.882445
9 50 -0.881386
9 51 -0.882445
9 52 -0.885286
9 53 -0.888897
9 54 -0.891581
9 55 -0.890961
9 56 -0.883995
9 57 -0.867044
9 58 -0.83601
9 59 -0.786564
9 60 -0.714522
9 61 -0.616353
9 62 -0.489841
9 63 -0.334854
9 64 -0.154136
9 65 0.0460233
9 66 0.255461
9 67 0.460371
9 68 0.644343
9 69 0.790296
9 70 0.883218
9 71 0.913294
9 72 0.878668
9 73 0.786907
9 74 0.654339
9 75 0.50291
9 76 0.355201
9 77 0.229113
9 78 0.134171
9 79 0.0709844
9 80 0.0338029
9 81 0.0144533
9 82 0.00554094
9 83 0.00190339
9 84 0.000585781
9 85 0.000161534
9 86 3.99214e-05
9 87 8.84355e-06
9 88 1.75597e-06
9 89 3.12436e-07
9 90 4.97841e-08
9 91 7.0969e-09
9 92 9.03762e-10
9 93 1.02605e-10
9 94 1.03574e-11
9 95 9.26437e-13
9 96 7.31106e-14
9 97 5.06257e-15
9 98 3.05494e-16
9 99 1.59519e-17

10 0 2.61385e-17
10 1 2.56437e-16
10 2 4.32926e-15
10 3 6.38597e-14
10 4 8.26885e-13
10 5 9.45012e-12
10 6 9.57374e-11
10 7 8.62694e-10
10 8 6.93277e-09
10 9 4.97841e-08
10 10 3.19905e-07
10 11 1.84118e-06
10 12 9.49567e-06
10 13 4.38885e-05
10 14 0.000181751
10 15 0.000674063
10 16 0.00223739
10 17 0.00664205
10 18 0.017625
10 19 0.0417934
10 20 0.0885888
10 21 0.168061
10 22 0.28603
10 23 0.438341
10 24 0.607806
10 25 0.76659
10 26 0.883489
10 27 0.932611
10 28 0.899941
10 29 0.785903
10 30 0.603799
10 31 0.37545
10 32 0.125967
10 33 -0.120906
10 34 -0.346001
10 35 -0.536242
10 36 -0.68478
10 37 -0.790161
10 38 -0.855008
10 39 -0.884626
10 40 -0.885725
10 41 -0.865437
10 42 -0.830605
10 43 -0.787364
10 44 -0.740932
10 45 -0.695546
10 46 -0.65452
10 47 -0.620333
10 48 -0.594761
10 49 -0.578974
10 50 -0.573641
10 51 -0.578974
10 52 -0.594761
10 53 -0.620333
10 54 -0.65452
10 55 -0.695546
10 56 -0.740932
10 57 -0.787364
10 58 -0.830605
10 59 -0.865437
10 60 -0.885725
10 61 -0.884626
10 62 -0.855008
10 63 -0.790161
10 64 -0.68478
10 65 -0.536242
10 66 -0.346001
10 67 -0.120906
10 68 0.125967
10 69 0.37545
10 70 0.603799
10 71 0.785903
10 72 0.899941
10 73 0.932611
10 74 0.883489
10 75 0.76659
10 76 0.607806
10 77 0.438341
10 78 0.28603
10 79 0.168061
10 80 0.0885888
10 81 0.0417934
10 82 0.017625
10 83 0.00664205
10 84 0.00223739
10 85 0.000674063
10 86 0.000181751
10 87 4.38885e-05
10 88 9.49567e-06
10 89 1.84118e-06
10 90 3.19905e-07
10 91 4.97841e-08
10 92 6.93277e-09
10 93 8.62694e-10
10 94 9.57374e-11
10 95 9.45012e-12
10 96 8.26885e-13
10 97 6.38597e-14
10 98 4.32926e-15
10 99 2.56437e-16

11 0 4.09893e-16
11 1 3.54959e-15
11 2 5.33091e-14
11 3 7.0511e-13
11 4 8.23507e-12
11 5 8.52913e-11
11 6 7.86033e-10
11 7 6.46263e-09
11 8 4.74956e-08
11 9 3.12436e-07
11 10 1.84118e-06
11 11 9.72348e-06
11 12 4.60163e-05
11 13 0.000195066
11 14 0.000740115
11 15 0.00251084
11 16 0.00760694
11 17 0.020555
11 18 0.0494802
11 19 0.106019
11 20 0.20216
11 21 0.343317
11 22 0.520286
11 23 0.705818
11 24 0.860199
11 25 0.944003
11 26 0.931042
11 27 0.815519
11 28 0.611925
11 29 0.349215
11 30 0.0623125
11 31 -0.215667
11 32 -0.458671
11 33 -0.650141
11 34 -0.782879
11 35 -0.857388
11 36 -0.87962
11 37 -0.858631
11 38 -0.804724
11 39 -0.728054
11 40 -0.637766
11 41 -0.541585
11 42 -0.445651
11 43 -0.354632
11 44 -0.271873
11 45 -0.199663
11 46 -0.139455
11 47 -0.0921146
11 48 -0.0581041
11 49 -0.0376415
11 50 -0.030814
11 51 -0.0376415
11 52 -0.0581041
11 53 -0.0921146
11 54 -0.139455
11 55 -0.199663
11 56 -0.271873
11 57 -0.354632
11 58 -0.445651
11 59 -0.541585
11 60 -0.637766
11 61 -0.728054
11 62 -0.804724
11 63 -0.858631
11 64 -0.87962
11 65 -0.857388
11 66 -0.782879
11 67 -0.650141
11 68 -0.458671
11 69 -0.215667
11 70 0.0623125
11 71 0.349215
11 72 0.611925
11 73 0.815519
11 74 0.931042
11 75 0.944003
11 76 0.860199
11 77 0.705818
11 78 0.520286
11 79 0.343317
11 80 0.20216
11 81 0.106019
11 82 0.0494802
11 83 0.020555
11 84 0.00760694
11 85 0.00251084
11 86 0.000740115
11 87 0.000195066
11 88 4.60163e-05
11 89 9.72348e-06
11 90 1.84118e-06
11 91 3.12436e-07
11 92 4.74956e-08
11 93 6.46263e-09
11 94 7.86033e-10
11 95 8.52913e-11
11 96 8.23507e-12
11 97 7.0511e-13
11 98 5.33091e-14
11 99 3.54959e-15

12 0 5.53149e-15
12 1 4.26791e-14
12 2 5.74363e-13
12 3 6.85298e-12
12 4 7.25413e-11
12 5 6.83542e-10
12 6 5.74838e-09
12 7 4.32272e-08
12 8 2.91051e-07
12 9 1.75597e-06
12 10 9.49567e-06
12 11 4.60163e-05
12 12 0.000199716
12 13 0.000775507
12 14 0.0026905
12 15 0.00832567
12 16 0.0229351
12 17 0.0561286
12 18 0.121785
12 19 0.233875
12 20 0.397075
12 21 0.595885
12 22 0.790943
12 23 0.929327
12 24 0.965083
12 25 0.877105
12 26 0.674702
12 27 0.391501
12 28 0.0733114
12 29 -0.234807
12 30 -0.49772
12 31 -0.693936
12 32 -0.815395
12 33 -0.864677
12 34 -0.851164
12 35 -0.787768
12 36 -0.688244
12 37 -0.565475
12 38 -0.430632
12 39 -0.292683
12 40 -0.158494
12 41 -0.0329369
12 42 0.0807884
12 43 0.180823
12 44 0.266369
12 45 0.337318
12 46 0.394074
12 47 0.437226
12 48 0.467464
12 49 0.48534
12 50 0.491261
12 51 0.48534
12 52 0.467464
12 53 0.437226
12 54 0.394074
12 55 0.337318
12 56 0.266369
12 57 0.180823
12 58 0.0807884
12 59 -0.0329369
12 60 -0.158494
12 61 -0.292683
12 62 -0.430632
12 63 -0.565475
12 64 -0.688244
12 65 -0.787768
12 66 -0.851164
12 67 -0.864677
12 68 -0.815395
12 69 -0.693936
12 70 -0.49772
12 71 -0.234807
12 72 0.0733114
12 73 0.391501
12 74 0.674702
12 75 0.877105
12 76 0.965083
12 77 0.929327
12 78 0.790943
12 79 0.595885
12 80 0.397075
12 81 0.233875
12 82 0.121785
12 83 0.0561286
12 84 0.0229351
12 85 0.00832567
12 86 0.0026905
12 87 0.000775507
12 88 0.000199716
12 89 4.60163e-05
12 90 9.49567e-06
12 91 1.75597e-06
12 92 2.91051e-07
12 93 4.32272e-08
12 94 5.74838e-09
12 95 6.83542e-10
12 96 7.25413e-11
12 97 6.85298e-12
12 98 5.74363e-13
12 99 4.26791e-14

13 0 6.48049e-14
13 1 4.48878e-13
13 2 5.44504e-12
13 3 5.88911e-11
13 4 5.67239e-10
13 5 4.87822e-09
13 6 3.75282e-08
13 7 2.5859e-07
13 8 1.59712e-06
13 9 8.84355e-06
13 10 4.38885e-05
13 11 0.000195066
13 12 0.000775507
13 13 0.00275317
13 14 0.00870973
13 15 0.0244907
13 16 0.0610337
13 17 0.134382
13 18 0.260554
13 19 0.443472
13 20 0.660707
13 21 0.859419
13 22 0.972814
13 23 0.950905
13 24 0.783874
13 25 0.502624
13 26 0.16217
13 27 -0.178083
13 28 -0.46988
13 29 -0.68408
13 30 -0.810033
13 31 -0.851015
13 32 -0.819123
13 33 -0.730096
13 34 -0.600221
13 35 -0.444658
13 36 -0.276253
13 37 -0.105611
13 38 0.0591194
13 39 0.212058
13 40 0.349267
13 41 0.468719
13 42 0.569709
13 43 0.652803
13 44 0.719262
13 45 0.770896
13 46 0.809667
13 47 0.837495
13 48 0.856068
13 49 0.866661
13 50 0.870108
13 51 0.866661
13 52 0.856068
13 53 0.837495
13 54 0.809667
13 55 0.770896
13 56 0.719262
13 57 0.652803
13 58 0.569709
13 59 0.468719
13 60 0.349267
13 61 0.212058
13 62 0.0591194
13 63 -0.105611
13 64 -0.276253
13 65 -0.444658
13 66 -0.600221
13 67 -0.730096
13 68 -0.819123
13 69 -0.851015
13 70 -0.810033
13 71 -0.68408
13 72 -0.46988
13 73 -0.178083
13 74 0.16217
13 75 0.502624
13 76 0.783874
13 77 0.950905
13 78 0.972814
13 79 0.859419
13 80 0.660707
13 81 0.443472
13 82 0.260554
13 83 0.134382
13 84 0.0610337
13 85 0.0244907
13 86 0.00870973
13 87 0.00275317
13 88 0.000775507
13 89 0.000195066
13 90 4.38885e-05
13 91 8.84355e-06
13 92 1.59712e-06
13 93 2.5859e-07
13 94 3.75282e-08
13 95 4.87822e-09
13 96 5.67239e-10
13 97 5.88911e-11
13 98 5.44504e-12
13 99 4.48878e-13

14 0 6.63758e-13
14 1 4.15311e-12
14 2 4.56267e-11
14 3 4.49117e-10
14 4 3.94896e-09
14 5 3.10737e-08
14 6 2.19097e-07
14 7 1.38521e-06
14 8 7.85399e-06
14 9 3.99214e-05
14 10 0.000181751
14 11 0.000740115
14 12 0.0026905
14 13 0.00870973
14 14 0.0250319
14 15 0.0636396
14 16 0.142523
14 17 0.279833
14 18 0.479171
14 19 0.711477
14 20 0.910076
14 21 0.994091
14 22 0.911835
14 23 0.670409
14 24 0.327145
14 25 -0.043017
14 26 -0.374721
14 27 -0.625274
14 28 -0.777684
14 29 -0.834125
14 30 -0.80655
14 31 -0.711636
14 32 -0.566838
14 33 -0.388244
14 34 -0.19109
14 35 0.0113533
14 36 0.20781
14 37 0.389046
14 38 0.548847
14 39 0.68327
14 40 0.791152
14 41 0.873324
14 42 0.932176
14 43 0.971315
14 44 0.994608
14 45 1.00632
14 46 1.01011
14 47 1.0095
14 48 1.00703
14 49 1.00481
14 50 1.00389
14 51 1.00481
14 52 1.00703
14 53 1.0095
14 54 1.01011
14 55 1.00632
14 56 0.994608
14 57 0.971315
14 58 0.932176
14 59 0.873324
14 60 0.791152
14 61 0.68327
14 62 0.548847
14 63 0.389046
14 64 0.20781
14 65 0.0113533
14 66 -0.19109
14 67 -0.388244
14 68 -0.566838
14 69 -0.711636
14 70 -0.80655
14 71 -0.834125
14 72 -0.777684
14 73 -0.625274
14 74 -0.374721
14 75 -0.043017
14 76 0.327145
14 77 0.670409
14 78 0.911835
14 79 0.994091
14 80 0.910076
14 81 0.711477
14 82 0.479171
14 83 0.279833
14 84 0.142523
14 85 0.0636396
14 86 0.0250319
14 87 0.00870973
14 88 0.0026905
14 89 0.000740115
14 90 0.000181751
14 91 3.99214e-05
14 92 7.85399e-06
14 93 1.38521e-06
14 94 2.19097e-07
14 95 3.10737e-08
14 96 3.94896e-09
14 97 4.49117e-10
14 98 4.56267e-11
14 99 4.15311e-12

15 0 5.97737e-12
15 1 3.39588e-11
15 2 3.39202e-10
15 3 3.04868e-09
15 4 2.45343e-08
15 5 1.76997e-07
15 6 1.14545e-06
15 7 6.65059e-06
15 8 3.46281e-05
15 9 0.000161534
15 10 0.000674063
15 11 0.00251084
15 12 0.00832567
15 13 0.0244907
15 14 0.0636396
15 15 0.145338
15 16 0.289944
15 17 0.501634
15 18 0.746153
15 19 0.943878
15 20 0.999843
15 21 0.861603
15 22 0.556652
15 23 0.171318
15 24 -0.203947
15 25 -0.508063
15 26 -0.711215
15 27 -0.808807
15 28 -0.811637
15 29 -0.733565
15 30 -0.589553
15 31 -0.396824
15 32 -0.172339
15 33 0.0656065
15 34 0.298874
15 35 0.512702
15 36 0.694958
15 37 0.838798
15 38 0.941789
15 39 1.00506
15 40 1.03346
15 41 1.03282
15 42 1.01067
15 43 0.97388
15 44 0.929275
15 45 0.88253
15 46 0.838353
15 47 0.800534
15 48 0.771623
15 49 0.753663
15 50 0.74748
15 51 0.753663
15 52 0.771623
15 53 0.800534
15 54 0.838353
15 55 0.88253
15 56 0.929275
15 57 0.97388
15 58 1.01067
15 59 1.03282
15 60 1.03346
15 61 1.00506
15 62 0.941789
15 63 0.838798
15 64 0.694958
15 65 0.512702
15 66 0.298874
15 67 0.0656065
15 68 -0.172339
15 69 -0.396824
15 70 -0.589553
15 71 -0.733565
15 72 -0.811637
15 73 -0.808807
15 74 -0.711215
15 75 -0.508063
15 76 -0.203947
15 77 0.171318
15 78 0.556652
15 79 0.861603
15 80 0.999843
15 81 0.943878
15 82 0.746153
15 83 0.501634
15 84 0.289944
15 85 0.145338
15 86 0.0636396
15 87 0.0244907
15 88 0.00832567
15 89 0.00251084
15 90 0.000674063
15 91 0.000161534
15 92 3.46281e-05
15 93 6.65059e-06
15 94 1.14545e-06
15 95 1.76997e-07
15 96 2.45343e-08
15 97 3.04868e-09
15 98 3.39202e-10
15 99 3.39588e-11

16 0 4.75473e-11
16 1 2.46333e-10
16 2 2.24419e-09
16 3 1.84668e-08
16 4 1.36301e-07
16 5 9.029e-07
16 6 5.36855e-06
16 7 2.86386e-05
16 8 0.000136923
16 9 0.000585781
16 10 0.00223739
16 11 0.00760694
16 12 0.0229351
16 13 0.0610337
16 14 0.142523
16 15 0.289944
16 16 0.509298
16 17 0.763691
16 18 0.962875
16 19 0.997901
16 20 0.814088
16 21 0.459204
16 22 0.0489789
16 23 -0.315553
16 24 -0.587407
16 25 -0.753192
16 26 -0.813305
16 27 -0.778089
16 28 -0.657981
16 29 -0.463985
16 30 -0.217253
16 31 0.0569152
16 32 0.332333
16 33 0.581899
16 34 0.786931
16 35 0.935549
16 36 1.02305
16 37 1.05359
16 38 1.03377
16 39 0.974956
16 40 0.888309
16 41 0.784688
16 42 0.674334
16 43 0.564338
16 44 0.46173
16 45 0.369862
16 46 0.292644
16 47 0.23099
16 48 0.186796
16 49 0.159826
16 50 0.151047
16 51 0.159826
16 52 0.186796
16 53 0.23099
16 54 0.292644
16 55 0.369862
16 56 0.46173
16 57 0.564338
16 58 0.674334
16 59 0.784688
16 60 0.888309
16 61 0.974956
16 62 1.03377
16 63 1.05359
16 64 1.02305
16 65 0.935549
16 66 0.786931
16 67 0.581899
16 68 0.332333
16 69 0.0569152
16 70 -0.217253
16 71 -0.463985
16 72 -0.657981
16 73 -0.778089
16 74 -0.813305
16 75 -0.753192
16 76 -0.587407
16 77 -0.315553
16 78 0.0489789
16 79 0.459204
16 80 0.814088
16 81 0.997901
16 82 0.962875
16 83 0.763691
16 84 0.509298
16 85 0.289944
16 86 0.142523
16 87 0.0610337
16 88 0.0229351
16 89 0.00760694
16 90 0.00223739
16 91 0.000585781
16 92 0.000136923
16 93 2.86386e-05
16 94 5.36855e-06
16 95 9.029e-07
16 96 1.36301e-07
16 97 1.84668e-08
16 98 2.24419e-09
16 99 2.46333e-10

17 0 3.35378e-10
17 1 1.59029e-09
17 2 1.32481e-08
17 3 1.00026e-07
17 4 6.78246e-07
17 5 4.13025e-06
17 6 2.25775e-05
17 7 0.000110671
17 8 0.000485648
17 9 0.00190339
17 10 0.00664205
17 11 0.020555
17 12 0.0561286
17 13 0.134382
17 14 0.279833
17 15 0.501634
17 16 0.763691
17 17 0.968956
17 18 0.995002
17 19 0.780692
17 20 0.38932
17 21 -0.0354213
17 22 -0.384124
17 23 -0.630057
17 24 -0.776245
17 25 -0.815286
17 26 -0.746486
17 27 -0.579197
17 28 -0.326204
17 29 -0.0200053
17 30 0.295978
17 31 0.586645
17 32 0.819298
17 33 0.974803
17 34 1.05038
17 35 1.04791
17 36 0.981636
17 37 0.866819
17 38 0.718985
17 39 0.555463
17 40 0.386551
17 41 0.224464
17 42 0.0741837
17 43 -0.0587649
17 44 -0.172761
17 45 -0.267257
17 46 -0.342052
17 47 -0.39908
17 48 -0.43818
17 49 -0.461809
17 50 -0.469062
17 51 -0.461809
17 52 -0.43818
17 53 -0.39908
17 54 -0.342052
17 55 -0.267257
17 56 -0.172761
17 57 -0.0587649
17 58 0.0741837
17 59 0.224464
17 60 0.386551
17 61 0.555463
17 62 0.718985
17 63 0.866819
17 64 0.981636
17 65 1.04791
17 66 1.05038
17 67 0.974803
17 68 0.819298
17 69 0.586645
17 70 0.295978
17 71 -0.0200053
17 72 -0.326204
17 73 -0.579197
17 74 -0.746486
17 75 -0.815286
17 76 -0.776245
17 77 -0.630057
17 78 -0.384124
17 79 -0.0354213
17 80 0.38932
17 81 0.780692
17 82 0.995002
17 83 0.968956
17 84 0.763691
17 85 0.501634
17 86 0.279833
17 87 0.134382
17 88 0.0561286
17 89 0.020555
17 90 0.00664205
17 91 0.00190339
17 92 0.000485648
17 93 0.000110671
17 94 2.25775e-05
17 95 4.13025e-06
17 96 6.78246e-07
17 97 1.00026e-07
17 98 1.32481e-08
17 99 1.59029e-09

18 0 2.10454e-09
18 1 9.16233e-09
18 2 6.99398e-08
18 3 4.85382e-07
18 4 3.02755e-06
18 5 1.69624e-05
18 6 8.52739e-05
18 7 0.000384018
18 8 0.00154548
18 9 0.00554094
18 10 0.017625
18 11 0.0494802
18 12 0.121785
18 13 0.260554
18 14 0.479171
18 15 0.746153
18 16 0.962875
18 17 0.995002
18 18 0.768728
18 19 0.353144
18 20 -0.0836372
18 21 -0.420922
18 22 -0.651842
18 23 -0.794812
18 24 -0.822505
18 25 -0.713909
18 26 -0.488684
18 27 -0.175076
18 28 0.180806
18 29 0.513729
18 30 0.78372
18 31 0.965839
18 32 1.04396
18 33 1.03047
18 34 0.937712
18 35 0.784313
18 36 0.596198
18 37 0.386865
18 38 0.177537
18 39 -0.0223461
18 40 -0.203989
18 41 -0.360658
18 42 -0.493985
18 43 -0.59983
18 44 -0.684977
18 45 -0.747457
18 46 -0.794897
18 47 -0.82642
18 48 -0.848231
18 49 -0.859299
18 50 -0.863728
18 51 -0.859299
18 52 -0.848231
18 53 -0.82642
18 54 -0.794897
18 55 -0.747457
18 56 -0.684977
18 57 -0.59983
18 58 -0.493985
18 59 -0.360658
18 60 -0.203989
18 61 -0.0223461
18 62 0.177537
18 63 0.386865
18 64 0.596198
18 65 0.784313
18 66 0.937712
18 67 1.03047
18 68 1.04396
18 69 0.965839
18 70 0.78372
18 71 0.513729
18 72 0.180806
18 73 -0.175076
18 74 -0.488684
18 75 -0.713909
18 76 -0.822505
18 77 -0.794812
18 78 -0.651842
18 79 -0.420922
18 80 -0.0836372
18 81 0.353144
18 82 0.768728
18 83 0.995002
18 84 0.962875
18 85 0.746153
18 86 0.479171
18 87 0.260554
18 88 0.121785
18 89 0.0494802
18 90 0.017625
18 91 0.00554094
18 92 0.00154548
18 93 0.000384018
18 94 8.52739e-05
18 95 1.69624e-05
18 96 3.02755e-06
18 97 4.85382e-07
18 98 6.99398e-08
18 99 9.16233e-09

19 0 1.17824e-08
19 1 4.72252e-08
19 2 3.30867e-07
19 3 2.11373e-06
19 4 1.21405e-05
19 5 6.26166e-05
19 6 0.000289527
19 7 0.00119734
19 8 0.00441473
19 9 0.0144533
19 10 0.0417934
19 11 0.106019
19 12 0.233875
19 13 0.443472
19 14 0.711477
19 15 0.943878
19 16 0.997901
19 17 0.780692
19 18 0.353144
19 19 -0.0991684
19 20 -0.43635
19 21 -0.662405
19 22 -0.811426
19 23 -0.832324
19 24 -0.676673
19 25 -0.387995
19 26 -0.0280411
19 27 0.352267
19 28 0.675695
19 29 0.898721
19 30 1.01935
19 31 1.02494
19 32 0.934196
19 33 0.774815
19 34 0.558068
19 35 0.319346
19 36 0.0731816
19 37 -0.163731
19 38 -0.372243
19 39 -0.554431
19 40 -0.696049
19 41 -0.80663
19 42 -0.882501
19 43 -0.931871
19 44 -0.960105
19 45 -0.970749
19 46 -0.97376
19 47 -0.967976
19 48 -0.964249
19 49 -0.957709
19 50 -0.958079
19 51 -0.957709
19 52 -0.964249
19 53 -0.967976
19 54 -0.97376
19 55 -0.970749
19 56 -0.960105
19 57 -0.931871
19 58 -0.882501
19 59 -0.80663
19 60 -0.696049
19 61 -0.554431
19 62 -0.372243
19 63 -0.163731
19 64 0.0731816
19 65 0.319346
19 66 0.558068
19 67 0.774815
19 68 0.934196
19 69 1.02494
19 70 1.01935
19 71 0.898721
19 72 0.675695
19 73 0.352267
19 74 -0.0280411
19 75 -0.387995
19 76 -0.676673
19 77 -0.832324
19 78 -0.811426
19 79 -0.662405
19 80 -0.43635
19 81 -0.0991684
19 82 0.353144
19 83 0.780692
19 84 0.997901
19 85 0.943878
19 86 0.711477
19 87 0.443472
19 88 0.233875
19 89 0.106019
19 90 0.0417934
19 91 0.0144533
19 92 0.00441473
19 93 0.00119734
19 94 0.000289527
19 95 6.26166e-05
19 96 1.21405e-05
19 97 2.11373e-06
19 98 3.30867e-07
19 99 4.72252e-08

20 0 5.90027e-08
20 1 2.18256e-07
20 2 1.40538e-06
20 3 8.27481e-06
20 4 4.38012e-05
20 5 0.000208051
20 6 0.000884738
20 7 0.003358
20 8 0.0113296
20 9 0.0338029
20 10 0.0885888
20 11 0.20216
20 12 0.397075
20 13 0.660707
20 14 0.910076
20 15 0.999843
20 16 0.814088
20 17 0.38932
20 18 -0.0836372
20 19 -0.43635
20 20 -0.665649
20 21 -0.821866
20 22 -0.839966
20 23 -0.640095
20 24 -0.292727
20 25 0.0903948
20 26 0.467488
20 27 0.773437
20 28 0.950809
20 29 1.02104
20 30 0.979354
20 31 0.826896
20 32 0.613191
20 33 0.344589
20 34 0.0552407
20 35 -0.217785
20 36 -0.473472
20 37 -0.675303
20 38 -0.831771
20 39 -0.934888
20 40 -0.985808
20 41 -1.00288
20 42 -0.979293
20 43 -0.943505
20 44 -0.885844
20 45 -0.832116
20 46 -0.773404
20 47 -0.728148
20 48 -0.689094
20 49 -0.668012
20 50 -0.65839
20 51 -0.668012
20 52 -0.689094
20 53 -0.728148
20 54 -0.773404
20 55 -0.832116
20 56 -0.885844
20 57 -0.943505
20 58 -0.979293
20 59 -1.00288
20 60 -0.985808
20 61 -0.934888
20 62 -0.831771
20 63 -0.675303
20 64 -0.473472
20 65 -0.217785
20 66 0.0552407
20 67 0.344589
20 68 0.613191
20 69 0.826896
20 70 0.979354
20 71 1.02104
20 72 0.950809
20 73 0.773437
20 74 0.467488
20 75 0.0903948
20 76 -0.292727
20 77 -0.640095
20 78 -0.839966
20 79 -0.821866
20 80 -0.665649
20 81 -0.43635
20 82 -0.0836372
20 83 0.38932
20 84 0.814088
20 85 0.999843
20 86 0.910076
20 87 0.660707
20 88 0.397075
20 89 0.20216
20 90 0.0885888
20 91 0.0338029
20 92 0.0113296
20 93 0.003358
20 94 0.000884738
20 95 0.000208051
20 96 4.38012e-05
20 97 8.27481e-06
20 98 1.40538e-06
20 99 2.18256e-07

21 0 2.64931e-07
21 1 9.06468e-07
21 2 5.37055e-06
21 3 2.91754e-05
21 4 0.000142429
21 5 0.000623241
21 6 0.00243722
21 7 0.00848446
21 8 0.0261611
21 9 0.0709844
21 10 0.168061
21 11 0.343317
21 12 0.595885
21 13 0.859419
21 14 0.994091
21 15 0.861603
21 16 0.459204
21 17 -0.0354213
21 18 -0.420922
21 19 -0.662405
21 20 -0.821866
21 21 -0.842734
21 22 -0.616672
21 23 -0.224281
21 24 0.1662
21 25 0.524263
21 26 0.825762
21 27 0.982687
21 28 1.01333
21 29 0.939499
21 30 0.728145
21 31 0.446785
21 32 0.130349
21 33 -0.209804
21 34 -0.496382
21 35 -0.73808
21 36 -0.907215
21 37 -0.990575
21 38 -1.02121
21 39 -0.974532
21 40 -0.90003
21 41 -0.784914
21 42 -0.659839
21 43 -0.531375
21 44 -0.403156
21 45 -0.296106
21 46 -0.194001
21 47 -0.124874
21 48 -0.0622105
21 49 -0.0365948
21 50 -0.0176688
21 51 -0.0365948
21 52 -0.0622105
21 53 -0.124874
21 54 -0.194001
21 55 -0.296106
21 56 -0.403156
21 57 -0.531375
21 58 -0.659839
21 59 -0.784914
21 60 -0.90003
21 61 -0.974532
21 62 -1.02121
21 63 -0.990575
21 64 -0.907215
21 65 -0.73808
21 66 -0.496382
21 67 -0.209804
21 68 0.130349
21 69 0.446785
21 70 0.728145
21 71 0.939499
21 72 1.01333
21 73 0.982687
21 74 0.825762
21 75 0.524263
21 76 0.1662
21 77 -0.224281
21 78 -0.616672
21 79 -0.842734
21 80 -0.821866
21 81 -0.662405
21 82 -0.420922
21 83 -0.0354213
21 84 0.459204
21 85 0.861603
21 86 0.994091
21 87 0.859419
21 88 0.595885
21 89 0.343317
21 90 0.168061
21 91 0.0709844
21 92 0.0261611
21 93 0.00848446
21 94 0.00243722
21 95 0.000623241
21 96 0.000142429
21 97 2.91754e-05
21 98 5.37055e-06
21 99 9.06468e-07

22 0 1.06924e-06
22 1 3.39117e-06
22 2 1.85049e-05
22 3 9.28455e-05
22 4 0.000418321
22 5 0.00168692
22 6 0.006066
22 7 0.0193578
22 8 0.0544843
22 9 0.134171
22 10 0.28603
22 11 0.520286
22 12 0.790943
22 13 0.972814
22 14 0.911835
22 15 0.556652
22 16 0.0489789
22 17 -0.384124
22 18 -0.651842
22 19 -0.811426
22 20 -0.839966
22 21 -0.616672
22 22 -0.199426
22 23 0.200767
22 24 0.542188
22 25 0.855487
22 26 1.02142
22 27 1.00993
22 28 0.89388
22 29 0.62721
22 30 0.264918
22 31 -0.0855281
22 32 -0.444646
22 33 -0.724541
22 34 -0.90226
22 35 -1.01206
22 36 -0.996499
22 37 -0.929591
22 38 -0.792999
22 39 -0.615425
22 40 -0.435918
22 41 -0.228932
22 42 -0.0602129
22 43 0.119896
22 44 0.251286
22 45 0.380983
22 46 0.468031
22 47 0.545827
22 48 0.590956
22 49 0.623697
22 50 0.630265
22 51 0.623697
22 52 0.590956
22 53 0.545827
22 54 0.468031
22 55 0.380983
22 56 0.251286
22 57 0.119896
22 58 -0.0602129
22 59 -0.228932
22 60 -0.435918
22 61 -0.615425
22 62 -0.792999
22 63 -0.929591
22 64 -0.996499
22 65 -1.01206
22 66 -0.90226
22 67 -0.724541
22 68 -0.444646
22 69 -0.0855281
22 70 0.264918
22 71 0.62721
22 72 0.89388
22 73 1.00993
22 74 1.02142
22 75 0.855487
22 76 0.542188
22 77 0.200767
22 78 -0.199426
22 79 -0.616672
22 80 -0.839966
22 81 -0.811426
22 82 -0.651842
22 83 -0.384124
22 84 0.0489789
22 85 0.556652
22 86 0.911835
22 87 0.972814
22 88 0.790943
22 89 0.520286
22 90 0.28603
22 91 0.134171
22 92 0.0544843
22 93 0.0193578
22 94 0.006066
22 95 0.00168692
22 96 0.000418321
22 97 9.28455e-05
22 98 1.85049e-05
22 99 3.39117e-06

23 0 3.88889e-06
23 1 1.14573e-05
23 2 5.76381e-05
23 3 0.000267375
23 4 0.00111273
23 5 0.00413735
23 6 0.0136823
23 7 0.0400127
23 8 0.102703
23 9 0.229113
23 10 0.438341
23 11 0.705818
23 12 0.929327
23 13 0.950905
23 14 0.670409
23 15 0.171318
23 16 -0.315553
23 17 -0.630057
23 18 -0.794812
23 19 -0.832324
23 20 -0.640095
23 21 -0.224281
23 22 0.200767
23 23 0.5448
23 24 0.871283
23 25 1.061
23 26 1.00595
23 27 0.827425
23 28 0.526224
23 29 0.100883
23 30 -0.269688
23 31 -0.598888
23 32 -0.863671
23 33 -0.963521
23 34 -0.999543
23 35 -0.913993
23 36 -0.742273
23 37 -0.552268
23 38 -0.288152
23 39 -0.065599
23 40 0.182149
23 41 0.383947
23 42 0.561058
23 43 0.714623
23 44 0.815252
23 45 0.917661
23 46 0.959909
23 47 1.02243
23 48 1.02796
23 49 1.06405
23 50 1.04716
23 51 1.06405
23 52 1.02796
23 53 1.02243
23 54 0.959909
23 55 0.917661
23 56 0.815252
23 57 0.714623
23 58 0.561058
23 59 0.383947
23 60 0.182149
23 61 -0.065599
23 62 -0.288152
23 63 -0.552268
23 64 -0.742273
23 65 -0.913993
23 66 -0.999543
23 67 -0.963521
23 68 -0.863671
23 69 -0.598888
23 70 -0.269688
23 71 0.100883
23 72 0.526224
23 73 0.827425
23 74 1.00595
23 75 1.061
23 76 0.871283
23 77 0.5448
23 78 0.200767
23 79 -0.224281
23 80 -0.640095
23 81 -0.832324
23 82 -0.794812
23 83 -0.630057
23 84 -0.315553
23 85 0.171318
23 86 0.670409
23 87 0.950905
23 88 0.929327
23 89 0.705818
23 90 0.438341
23 91 0.229113
23 92 0.102703
23 93 0.0400127
23 94 0.0136823
23 95 0.00413735
23 96 0.00111273
23 97 0.000267375
23 98 5.76381e-05
23 99 1.14573e-05

24 0 1.27828e-05
24 1 3.50621e-05
24 2 0.000162783
24 3 0.000699011
24 4 0.00268983
24 5 0.00922868
24 6 0.0280804
24 7 0.0752548
24 8 0.176049
24 9 0.355201
24 10 0.607806
24 11 0.860199
24 12 0.965083
24 13 0.783874
24 14 0.327145
24 15 -0.203947
24 16 -0.587407
24 17 -0.776245
24 18 -0.822505
24 19 -0.676673
24 20 -0.292727
24 21 0.1662
24 22 0.542188
24 23 0.871283
24 24 1.07824
24 25 1.00093
24 26 0.758646
24 27 0.446777
24 28 0.00221458
24 29 -0.396107
24 30 -0.679773
24 31 -0.929609
24 32 -0.991594
24 33 -0.940338
24 34 -0.818681
24 35 -0.548975
24 36 -0.298886
24 37 0.013584
24 38 0.302006
24 39 0.538949
24 40 0.777855
24 41 0.907795
24 42 1.05582
24 43 1.10036
24 44 1.16496
24 45 1.16213
24 46 1.17521
24 47 1.15827
24 48 1.15286
24 49 1.14219
24 50 1.14064
24 51 1.14219
24 52 1.15286
24 53 1.15827
24 54 1.17521
24 55 1.16213
24 56 1.16496
24 57 1.10036
24 58 1.05582
24 59 0.907795
24 60 0.777855
24 61 0.538949
24 62 0.302006
24 63 0.013584
24 64 -0.298886
24 65 -0.548975
24 66 -0.818681
24 67 -0.940338
24 68 -0.991594
24 69 -0.929609
24 70 -0.679773
24 71 -0.396107
24 72 0.00221458
24 73 0.446777
24 74 0.758646
24 75 1.00093
24 76 1.07824
24 77 0.871283
24 78 0.542188
24 79 0.1662
24 80 -0.292727
24 81 -0.676673
24 82 -0.822505
24 83 -0.776245
24 84 -0.587407
24 85 -0.203947
24 86 0.327145
24 87 0.783874
24 88 0.965083
24 89 0.860199
24 90 0.607806
24 91 0.355201
24 92 0.176049
24 93 0.0752548
24 94 0.0280804
24 95 0.00922868
24 96 0.00268983
24 97 0.000699011
24 98 0.000162783
24 99 3.50621e-05

25 0 3.80983e-05
25 1 9.75264e-05
25 2 0.000418383
25 3 0.00166549
25 4 0.00593387
25 5 0.0188075
25 6 0.0526978
25 7 0.129482
25 8 0.276004
25 9 0.50291
25 10 0.76659
25 11 0.944003
25 12 0.877105
25 13 0.502624
25 14 -0.043017
25 15 -0.508063
25 16 -0.753192
25 17 -0.815286
25 18 -0.713909
25 19 -0.387995
25 20 0.0903948
25 21 0.524263
25 22 0.855487
25 23 1.061
25 24 1.00093
25 25 0.72862
25 26 0.40562
25 27 -0.0276706
25 28 -0.469911
25 29 -0.743483
25 30 -0.963241
25 31 -1.02559
25 32 -0.879169
25 33 -0.699066
25 34 -0.363578
25 35 -0.013014
25 36 0.30248
25 37 0.649516
25 38 0.850139
25 39 1.05914
25 40 1.14115
25 41 1.18695
25 42 1.18689
25 43 1.12001
25 44 1.08293
25 45 0.970974
25 46 0.934802
25 47 0.828739
25 48 0.818888
25 49 0.746206
25 50 0.776149
25 51 0.746206
25 52 0.818888
25 53 0.828739
25 54 0.934802
25 55 0.970974
25 56 1.08293
25 57 1.12001
25 58 1.18689
25 59 1.18695
25 60 1.14115
